matrix_side,2_time,2_time_atomic,2_time_mutex,4_time,4_time_atomic,4_time_mutex,8_time,8_time_atomic,8_time_mutex,10_time,10_time_atomic,10_time_mutex,64_time,64_time_atomic,64_time_mutex
,0.035716,0.036379,0.040369,0.017806,0.021228,0.060485,0.021416,0.018840,0.099456,0.027395,0.022585,0.123835,0.021439,0.035577,0.669619
,0.048900,0.048275,0.052526,0.024633,0.027322,0.073397,0.029487,0.025248,0.122451,0.035079,0.031403,0.152322,0.029633,0.044596,0.822307
,0.065531,0.062502,0.065999,0.033637,0.035132,0.089037,0.036114,0.032872,0.148516,0.043190,0.041028,0.181985,0.037318,0.051804,0.988476
,0.087732,0.077082,0.083381,0.044394,0.043005,0.108817,0.052259,0.042249,0.182493,0.050841,0.048800,0.219172,0.048232,0.061044,1.184598
,0.110468,0.095032,0.102107,0.055583,0.052637,0.128034,0.057070,0.049655,0.219714,0.063140,0.068210,0.258522,0.059249,0.083806,1.379854
,0.145557,0.116405,0.124236,0.070911,0.064038,0.146287,0.077163,0.063383,0.291684,0.087445,0.076896,0.308168,0.072209,0.088046,1.625475
,0.169954,0.161791,0.166684,0.086783,0.077940,0.166195,0.083534,0.076350,0.282119,0.096695,0.097378,0.362772,0.084490,0.101787,1.862758
,0.237528,0.169726,0.178655,0.112043,0.091423,0.192569,0.105878,0.089049,0.317892,0.125354,0.103462,0.417472,0.108571,0.114909,2.173390
,0.319894,0.207007,0.222015,0.138688,0.106747,0.215022,0.127338,0.105478,0.362816,0.140376,0.124700,0.477208,0.131697,0.134622,2.505126
,0.329412,0.242410,0.260604,0.152825,0.125378,0.217100,0.144449,0.118284,0.387939,0.159869,0.139583,0.484021,0.141920,0.166957,2.826966
