0.200566 2.683580 
-5.561763 3.714376 
-4.999470 -3.580245 
-5.180630 -4.159002 
-6.504313 -5.841561 
-7.168979 -5.475086 
-6.973259 -7.679631 
-6.881497 -4.725519 
-6.349261 -5.982795 
-5.923353 -6.259059 
-5.734359 1.711502 
-7.159532 0.345014 
-7.739191 -4.113811 
-5.493134 -1.584890 
-5.389896 -1.732956 
-3.733348 0.636166 
-0.847463 -4.382294 
-3.466964 -2.360666 
-3.293434 -4.283815 
-2.163448 0.214415 
-0.280149 -4.546801 
-0.676772 -6.990467 
-2.394237 2.986718 
-4.924579 2.611630 
-3.555604 0.863520 
-0.361647 2.061934 
-2.254474 0.839761 
-2.000000 2.000000 
-3.319731 4.341723 
-4.336509 6.293959 
-5.637440 6.096994 
-5.992402 4.695526 
-7.433266 3.964846 
-5.804295 4.866828 
-5.374369 3.921143 
-3.451305 3.816549 
-6.807523 7.201665 
-6.883915 7.189233 
-7.933414 6.769106 
-4.187521 7.530146 
-5.286286 6.508862 
-0.958328 6.081203 
-1.625013 5.036270 
-2.636436 4.291674 
-1.996688 4.163980 
-0.617272 5.114837 
-0.072895 4.167603 
-0.997798 6.909361 
-3.131278 7.875655 
-1.596342 6.264471 
-0.102672 7.564401 
-0.967041 6.783517 
1.270880 -0.758787 
3.005782 -5.344413 
1.913544 -3.503049 
1.351816 -4.089396 
0.323361 -6.748286 
0.505703 -7.371514 
0.415926 -6.623106 
1.502275 -5.114044 
2.998199 -6.405759 
2.239661 -2.335221 
0.903100 -1.335979 
1.802238 -3.263494 
2.257290 -1.088745 
2.951120 -1.868987 
7.982792 -4.507890 
6.586358 -4.839178 
6.239290 -5.992504 
5.928638 -6.842739 
7.999897 -4.730742 
7.964784 -7.135079 
5.267218 -2.714606 
3.996334 -2.101383 
4.576034 -3.080674 
5.443004 -1.689873 
6.243722 -2.417713 
4.529588 4.775041 
0.427919 4.318622 
2.200836 0.388595 
1.173098 4.089293 
2.171388 3.476751 
2.000000 2.000000 
0.492928 4.116701 
2.231334 4.155758 
3.964949 2.062559 
2.505018 7.478482 
1.231538 6.041821 
0.206919 5.425796 
2.947496 6.575553 
2.516865 5.738821 
6.435329 5.614717 
6.608427 5.115123 
5.972342 5.296600 
4.764769 3.722470 
6.892957 3.535237 
7.303492 1.418242 
7.204038 6.722052 
5.331817 6.806025 
4.923593 6.704424 
7.756026 6.960064 
7.235676 6.659122 
